{
 "cells": [
  {
   "cell_type": "code",
   "execution_count": 1,
   "id": "273a92ec",
   "metadata": {},
   "outputs": [
    {
     "name": "stderr",
     "output_type": "stream",
     "text": [
      "\n",
      "Attaching package: ‘dplyr’\n",
      "\n",
      "\n",
      "The following objects are masked from ‘package:stats’:\n",
      "\n",
      "    filter, lag\n",
      "\n",
      "\n",
      "The following objects are masked from ‘package:base’:\n",
      "\n",
      "    intersect, setdiff, setequal, union\n",
      "\n",
      "\n",
      "Zorunlu paket yükleniyor: ggplot2\n",
      "\n",
      "Zorunlu paket yükleniyor: lattice\n",
      "\n",
      "Zorunlu paket yükleniyor: carData\n",
      "\n",
      "\n",
      "Attaching package: ‘car’\n",
      "\n",
      "\n",
      "The following object is masked from ‘package:dplyr’:\n",
      "\n",
      "    recode\n",
      "\n",
      "\n",
      "\n",
      "Attaching package: ‘psych’\n",
      "\n",
      "\n",
      "The following object is masked from ‘package:car’:\n",
      "\n",
      "    logit\n",
      "\n",
      "\n",
      "The following objects are masked from ‘package:ggplot2’:\n",
      "\n",
      "    %+%, alpha\n",
      "\n",
      "\n",
      "Zorunlu paket yükleniyor: mvtnorm\n",
      "\n",
      "Zorunlu paket yükleniyor: ICS\n",
      "\n",
      "\n",
      "Attaching package: ‘rstatix’\n",
      "\n",
      "\n",
      "The following object is masked from ‘package:stats’:\n",
      "\n",
      "    filter\n",
      "\n",
      "\n",
      "\n",
      "Attaching package: ‘gridExtra’\n",
      "\n",
      "\n",
      "The following object is masked from ‘package:dplyr’:\n",
      "\n",
      "    combine\n",
      "\n",
      "\n"
     ]
    }
   ],
   "source": [
    "#Libraries\n",
    "library(bestNormalize)\n",
    "library(dplyr)\n",
    "library(MVN)\n",
    "library(remotes)\n",
    "library(caret)\n",
    "library(car)\n",
    "library(MVN)\n",
    "library(dplyr)\n",
    "library(psych)\n",
    "library(ICSNP)\n",
    "library(rstatix)\n",
    "library(gridExtra)\n",
    "library(ggplot2)"
   ]
  },
  {
   "cell_type": "code",
   "execution_count": 2,
   "id": "f2c6eef7",
   "metadata": {},
   "outputs": [],
   "source": [
    "setwd(\"/Users/mehmeterkan/Desktop/4.Sınıf/4-1/STAT 467/STAT467_TERM_PROJECT_ekinsu_m.ali\")"
   ]
  },
  {
   "cell_type": "code",
   "execution_count": 3,
   "id": "0761aaa7",
   "metadata": {},
   "outputs": [
    {
     "data": {
      "text/html": [
       "<table class=\"dataframe\">\n",
       "<caption>A data.frame: 5 × 10</caption>\n",
       "<thead>\n",
       "\t<tr><th></th><th scope=col>Age</th><th scope=col>BMI</th><th scope=col>Glucose</th><th scope=col>Insulin</th><th scope=col>HOMA</th><th scope=col>Leptin</th><th scope=col>Adiponectin</th><th scope=col>Resistin</th><th scope=col>MCP.1</th><th scope=col>Classification</th></tr>\n",
       "\t<tr><th></th><th scope=col>&lt;int&gt;</th><th scope=col>&lt;dbl&gt;</th><th scope=col>&lt;int&gt;</th><th scope=col>&lt;dbl&gt;</th><th scope=col>&lt;dbl&gt;</th><th scope=col>&lt;dbl&gt;</th><th scope=col>&lt;dbl&gt;</th><th scope=col>&lt;dbl&gt;</th><th scope=col>&lt;dbl&gt;</th><th scope=col>&lt;int&gt;</th></tr>\n",
       "</thead>\n",
       "<tbody>\n",
       "\t<tr><th scope=row>1</th><td>48</td><td>23.50000</td><td>70</td><td>2.707</td><td>0.4674087</td><td> 8.8071</td><td> 9.702400</td><td> 7.99585</td><td>417.114</td><td>1</td></tr>\n",
       "\t<tr><th scope=row>2</th><td>83</td><td>20.69049</td><td>92</td><td>3.115</td><td>0.7068973</td><td> 8.8438</td><td> 5.429285</td><td> 4.06405</td><td>468.786</td><td>1</td></tr>\n",
       "\t<tr><th scope=row>3</th><td>82</td><td>23.12467</td><td>91</td><td>4.498</td><td>1.0096511</td><td>17.9393</td><td>22.432040</td><td> 9.27715</td><td>554.697</td><td>1</td></tr>\n",
       "\t<tr><th scope=row>4</th><td>68</td><td>21.36752</td><td>77</td><td>3.226</td><td>0.6127249</td><td> 9.8827</td><td> 7.169560</td><td>12.76600</td><td>928.220</td><td>1</td></tr>\n",
       "\t<tr><th scope=row>5</th><td>86</td><td>21.11111</td><td>92</td><td>3.549</td><td>0.8053864</td><td> 6.6994</td><td> 4.819240</td><td>10.57635</td><td>773.920</td><td>1</td></tr>\n",
       "</tbody>\n",
       "</table>\n"
      ],
      "text/latex": [
       "A data.frame: 5 × 10\n",
       "\\begin{tabular}{r|llllllllll}\n",
       "  & Age & BMI & Glucose & Insulin & HOMA & Leptin & Adiponectin & Resistin & MCP.1 & Classification\\\\\n",
       "  & <int> & <dbl> & <int> & <dbl> & <dbl> & <dbl> & <dbl> & <dbl> & <dbl> & <int>\\\\\n",
       "\\hline\n",
       "\t1 & 48 & 23.50000 & 70 & 2.707 & 0.4674087 &  8.8071 &  9.702400 &  7.99585 & 417.114 & 1\\\\\n",
       "\t2 & 83 & 20.69049 & 92 & 3.115 & 0.7068973 &  8.8438 &  5.429285 &  4.06405 & 468.786 & 1\\\\\n",
       "\t3 & 82 & 23.12467 & 91 & 4.498 & 1.0096511 & 17.9393 & 22.432040 &  9.27715 & 554.697 & 1\\\\\n",
       "\t4 & 68 & 21.36752 & 77 & 3.226 & 0.6127249 &  9.8827 &  7.169560 & 12.76600 & 928.220 & 1\\\\\n",
       "\t5 & 86 & 21.11111 & 92 & 3.549 & 0.8053864 &  6.6994 &  4.819240 & 10.57635 & 773.920 & 1\\\\\n",
       "\\end{tabular}\n"
      ],
      "text/markdown": [
       "\n",
       "A data.frame: 5 × 10\n",
       "\n",
       "| <!--/--> | Age &lt;int&gt; | BMI &lt;dbl&gt; | Glucose &lt;int&gt; | Insulin &lt;dbl&gt; | HOMA &lt;dbl&gt; | Leptin &lt;dbl&gt; | Adiponectin &lt;dbl&gt; | Resistin &lt;dbl&gt; | MCP.1 &lt;dbl&gt; | Classification &lt;int&gt; |\n",
       "|---|---|---|---|---|---|---|---|---|---|---|\n",
       "| 1 | 48 | 23.50000 | 70 | 2.707 | 0.4674087 |  8.8071 |  9.702400 |  7.99585 | 417.114 | 1 |\n",
       "| 2 | 83 | 20.69049 | 92 | 3.115 | 0.7068973 |  8.8438 |  5.429285 |  4.06405 | 468.786 | 1 |\n",
       "| 3 | 82 | 23.12467 | 91 | 4.498 | 1.0096511 | 17.9393 | 22.432040 |  9.27715 | 554.697 | 1 |\n",
       "| 4 | 68 | 21.36752 | 77 | 3.226 | 0.6127249 |  9.8827 |  7.169560 | 12.76600 | 928.220 | 1 |\n",
       "| 5 | 86 | 21.11111 | 92 | 3.549 | 0.8053864 |  6.6994 |  4.819240 | 10.57635 | 773.920 | 1 |\n",
       "\n"
      ],
      "text/plain": [
       "  Age BMI      Glucose Insulin HOMA      Leptin  Adiponectin Resistin MCP.1  \n",
       "1 48  23.50000 70      2.707   0.4674087  8.8071  9.702400    7.99585 417.114\n",
       "2 83  20.69049 92      3.115   0.7068973  8.8438  5.429285    4.06405 468.786\n",
       "3 82  23.12467 91      4.498   1.0096511 17.9393 22.432040    9.27715 554.697\n",
       "4 68  21.36752 77      3.226   0.6127249  9.8827  7.169560   12.76600 928.220\n",
       "5 86  21.11111 92      3.549   0.8053864  6.6994  4.819240   10.57635 773.920\n",
       "  Classification\n",
       "1 1             \n",
       "2 1             \n",
       "3 1             \n",
       "4 1             \n",
       "5 1             "
      ]
     },
     "metadata": {},
     "output_type": "display_data"
    },
    {
     "data": {
      "text/html": [
       "<style>\n",
       ".list-inline {list-style: none; margin:0; padding: 0}\n",
       ".list-inline>li {display: inline-block}\n",
       ".list-inline>li:not(:last-child)::after {content: \"\\00b7\"; padding: 0 .5ex}\n",
       "</style>\n",
       "<ol class=list-inline><li>116</li><li>10</li></ol>\n"
      ],
      "text/latex": [
       "\\begin{enumerate*}\n",
       "\\item 116\n",
       "\\item 10\n",
       "\\end{enumerate*}\n"
      ],
      "text/markdown": [
       "1. 116\n",
       "2. 10\n",
       "\n",
       "\n"
      ],
      "text/plain": [
       "[1] 116  10"
      ]
     },
     "metadata": {},
     "output_type": "display_data"
    },
    {
     "name": "stdout",
     "output_type": "stream",
     "text": [
      "'data.frame':\t116 obs. of  10 variables:\n",
      " $ Age           : int  48 83 82 68 86 49 89 76 73 75 ...\n",
      " $ BMI           : num  23.5 20.7 23.1 21.4 21.1 ...\n",
      " $ Glucose       : int  70 92 91 77 92 92 77 118 97 83 ...\n",
      " $ Insulin       : num  2.71 3.12 4.5 3.23 3.55 ...\n",
      " $ HOMA          : num  0.467 0.707 1.01 0.613 0.805 ...\n",
      " $ Leptin        : num  8.81 8.84 17.94 9.88 6.7 ...\n",
      " $ Adiponectin   : num  9.7 5.43 22.43 7.17 4.82 ...\n",
      " $ Resistin      : num  8 4.06 9.28 12.77 10.58 ...\n",
      " $ MCP.1         : num  417 469 555 928 774 ...\n",
      " $ Classification: int  1 1 1 1 1 1 1 1 1 1 ...\n"
     ]
    },
    {
     "data": {
      "text/html": [
       "FALSE"
      ],
      "text/latex": [
       "FALSE"
      ],
      "text/markdown": [
       "FALSE"
      ],
      "text/plain": [
       "[1] FALSE"
      ]
     },
     "metadata": {},
     "output_type": "display_data"
    },
    {
     "data": {
      "text/plain": [
       "      Age            BMI           Glucose          Insulin      \n",
       " Min.   :24.0   Min.   :18.37   Min.   : 60.00   Min.   : 2.432  \n",
       " 1st Qu.:45.0   1st Qu.:22.97   1st Qu.: 85.75   1st Qu.: 4.359  \n",
       " Median :56.0   Median :27.66   Median : 92.00   Median : 5.925  \n",
       " Mean   :57.3   Mean   :27.58   Mean   : 97.79   Mean   :10.012  \n",
       " 3rd Qu.:71.0   3rd Qu.:31.24   3rd Qu.:102.00   3rd Qu.:11.189  \n",
       " Max.   :89.0   Max.   :38.58   Max.   :201.00   Max.   :58.460  \n",
       "      HOMA             Leptin        Adiponectin        Resistin     \n",
       " Min.   : 0.4674   Min.   : 4.311   Min.   : 1.656   Min.   : 3.210  \n",
       " 1st Qu.: 0.9180   1st Qu.:12.314   1st Qu.: 5.474   1st Qu.: 6.882  \n",
       " Median : 1.3809   Median :20.271   Median : 8.353   Median :10.828  \n",
       " Mean   : 2.6950   Mean   :26.615   Mean   :10.181   Mean   :14.726  \n",
       " 3rd Qu.: 2.8578   3rd Qu.:37.378   3rd Qu.:11.816   3rd Qu.:17.755  \n",
       " Max.   :25.0503   Max.   :90.280   Max.   :38.040   Max.   :82.100  \n",
       "     MCP.1         Classification \n",
       " Min.   :  45.84   Min.   :1.000  \n",
       " 1st Qu.: 269.98   1st Qu.:1.000  \n",
       " Median : 471.32   Median :2.000  \n",
       " Mean   : 534.65   Mean   :1.552  \n",
       " 3rd Qu.: 700.09   3rd Qu.:2.000  \n",
       " Max.   :1698.44   Max.   :2.000  "
      ]
     },
     "metadata": {},
     "output_type": "display_data"
    }
   ],
   "source": [
    "## Reading the Data and Arranging of data\n",
    "data <- read.csv(\"dataR2.csv\",header = TRUE)\n",
    "head(data,5)\n",
    "dim(data)\n",
    "str(data)\n",
    "anyNA(data)\n",
    "##data <- data %>% select_if(., is.numeric)\n",
    "summary(data)"
   ]
  },
  {
   "cell_type": "code",
   "execution_count": 4,
   "id": "730d909e",
   "metadata": {},
   "outputs": [
    {
     "data": {
      "text/plain": [
       "      Age            BMI           Glucose          Insulin      \n",
       " Min.   :24.0   Min.   :18.37   Min.   : 60.00   Min.   : 2.432  \n",
       " 1st Qu.:45.0   1st Qu.:22.97   1st Qu.: 85.75   1st Qu.: 4.359  \n",
       " Median :56.0   Median :27.66   Median : 92.00   Median : 5.925  \n",
       " Mean   :57.3   Mean   :27.58   Mean   : 97.79   Mean   :10.012  \n",
       " 3rd Qu.:71.0   3rd Qu.:31.24   3rd Qu.:102.00   3rd Qu.:11.189  \n",
       " Max.   :89.0   Max.   :38.58   Max.   :201.00   Max.   :58.460  \n",
       "      HOMA             Leptin        Adiponectin        Resistin     \n",
       " Min.   : 0.4674   Min.   : 4.311   Min.   : 1.656   Min.   : 3.210  \n",
       " 1st Qu.: 0.9180   1st Qu.:12.314   1st Qu.: 5.474   1st Qu.: 6.882  \n",
       " Median : 1.3809   Median :20.271   Median : 8.353   Median :10.828  \n",
       " Mean   : 2.6950   Mean   :26.615   Mean   :10.181   Mean   :14.726  \n",
       " 3rd Qu.: 2.8578   3rd Qu.:37.378   3rd Qu.:11.816   3rd Qu.:17.755  \n",
       " Max.   :25.0503   Max.   :90.280   Max.   :38.040   Max.   :82.100  \n",
       "     MCP.1         Classification \n",
       " Min.   :  45.84   Min.   :1.000  \n",
       " 1st Qu.: 269.98   1st Qu.:1.000  \n",
       " Median : 471.32   Median :2.000  \n",
       " Mean   : 534.65   Mean   :1.552  \n",
       " 3rd Qu.: 700.09   3rd Qu.:2.000  \n",
       " Max.   :1698.44   Max.   :2.000  "
      ]
     },
     "metadata": {},
     "output_type": "display_data"
    },
    {
     "data": {
      "text/html": [
       "<style>\n",
       ".dl-inline {width: auto; margin:0; padding: 0}\n",
       ".dl-inline>dt, .dl-inline>dd {float: none; width: auto; display: inline-block}\n",
       ".dl-inline>dt::after {content: \":\\0020\"; padding-right: .5ex}\n",
       ".dl-inline>dt:not(:first-of-type) {padding-left: .5ex}\n",
       "</style><dl class=dl-inline><dt>Age</dt><dd>57.301724137931</dd><dt>BMI</dt><dd>27.5821108274138</dd><dt>Glucose</dt><dd>97.7931034482759</dd><dt>Insulin</dt><dd>10.0120862068966</dd><dt>HOMA</dt><dd>2.69498756439655</dd><dt>Leptin</dt><dd>26.6150801724138</dd><dt>Adiponectin</dt><dd>10.1808739655172</dd><dt>Resistin</dt><dd>14.725965862069</dd><dt>MCP.1</dt><dd>534.647</dd><dt>Classification</dt><dd>1.55172413793103</dd></dl>\n"
      ],
      "text/latex": [
       "\\begin{description*}\n",
       "\\item[Age] 57.301724137931\n",
       "\\item[BMI] 27.5821108274138\n",
       "\\item[Glucose] 97.7931034482759\n",
       "\\item[Insulin] 10.0120862068966\n",
       "\\item[HOMA] 2.69498756439655\n",
       "\\item[Leptin] 26.6150801724138\n",
       "\\item[Adiponectin] 10.1808739655172\n",
       "\\item[Resistin] 14.725965862069\n",
       "\\item[MCP.1] 534.647\n",
       "\\item[Classification] 1.55172413793103\n",
       "\\end{description*}\n"
      ],
      "text/markdown": [
       "Age\n",
       ":   57.301724137931BMI\n",
       ":   27.5821108274138Glucose\n",
       ":   97.7931034482759Insulin\n",
       ":   10.0120862068966HOMA\n",
       ":   2.69498756439655Leptin\n",
       ":   26.6150801724138Adiponectin\n",
       ":   10.1808739655172Resistin\n",
       ":   14.725965862069MCP.1\n",
       ":   534.647Classification\n",
       ":   1.55172413793103\n",
       "\n"
      ],
      "text/plain": [
       "           Age            BMI        Glucose        Insulin           HOMA \n",
       "     57.301724      27.582111      97.793103      10.012086       2.694988 \n",
       "        Leptin    Adiponectin       Resistin          MCP.1 Classification \n",
       "     26.615080      10.180874      14.725966     534.647000       1.551724 "
      ]
     },
     "metadata": {},
     "output_type": "display_data"
    },
    {
     "data": {
      "text/html": [
       "<table class=\"dataframe\">\n",
       "<caption>A matrix: 10 × 10 of type dbl</caption>\n",
       "<thead>\n",
       "\t<tr><th></th><th scope=col>Age</th><th scope=col>BMI</th><th scope=col>Glucose</th><th scope=col>Insulin</th><th scope=col>HOMA</th><th scope=col>Leptin</th><th scope=col>Adiponectin</th><th scope=col>Resistin</th><th scope=col>MCP.1</th><th scope=col>Classification</th></tr>\n",
       "</thead>\n",
       "<tbody>\n",
       "\t<tr><th scope=row>Age</th><td>259.6212144</td><td>  0.6899654</td><td>  83.515142</td><td>  5.271382</td><td>  7.4547030</td><td> 31.72129299</td><td> -24.23770282</td><td>   0.5473753</td><td>    75.03014</td><td>-0.35052474</td></tr>\n",
       "\t<tr><th scope=row>BMI</th><td>  0.6899654</td><td> 25.2017631</td><td>  15.700527</td><td>  7.343449</td><td>  2.0931033</td><td> 54.85332909</td><td> -10.40030222</td><td>  12.1513148</td><td>   389.04875</td><td>-0.33244976</td></tr>\n",
       "\t<tr><th scope=row>Glucose</th><td> 83.5151424</td><td> 15.7005265</td><td> 507.382909</td><td>114.444261</td><td> 57.1155552</td><td>131.82711499</td><td> -18.82467930</td><td>  81.3098725</td><td>  2063.87004</td><td> 4.32383808</td></tr>\n",
       "\t<tr><th scope=row>Insulin</th><td>  5.2713825</td><td>  7.3434492</td><td> 114.444261</td><td>101.359945</td><td> 34.1811235</td><td> 58.22217076</td><td>  -2.15621156</td><td>  18.3041243</td><td>   607.20600</td><td> 1.39193463</td></tr>\n",
       "\t<tr><th scope=row>HOMA</th><td>  7.4547030</td><td>  2.0931033</td><td>  57.115555</td><td> 34.181124</td><td> 13.2644786</td><td> 22.86097050</td><td>  -1.40413211</td><td>  10.4289668</td><td>   326.96236</td><td> 0.51664932</td></tr>\n",
       "\t<tr><th scope=row>Leptin</th><td> 31.7212930</td><td> 54.8533291</td><td> 131.827115</td><td> 58.222171</td><td> 22.8609705</td><td>367.99877146</td><td> -12.52242698</td><td>  60.9050169</td><td>    92.95764</td><td>-0.01033331</td></tr>\n",
       "\t<tr><th scope=row>Adiponectin</th><td>-24.2377028</td><td>-10.4003022</td><td> -18.824679</td><td> -2.156212</td><td> -1.4041321</td><td>-12.52242698</td><td>  46.83132218</td><td> -21.3987474</td><td>  -475.08370</td><td>-0.06661929</td></tr>\n",
       "\t<tr><th scope=row>Resistin</th><td>  0.5473753</td><td> 12.1513148</td><td>  81.309873</td><td> 18.304124</td><td> 10.4289668</td><td> 60.90501687</td><td> -21.39874737</td><td> 153.5281003</td><td>  1570.73824</td><td> 1.40678196</td></tr>\n",
       "\t<tr><th scope=row>MCP.1</th><td> 75.0301391</td><td>389.0487525</td><td>2063.870043</td><td>607.205999</td><td>326.9623612</td><td> 92.95763779</td><td>-475.08370238</td><td>1570.7382390</td><td>119655.57060</td><td>15.78824348</td></tr>\n",
       "\t<tr><th scope=row>Classification</th><td> -0.3505247</td><td> -0.3324498</td><td>   4.323838</td><td>  1.391935</td><td>  0.5166493</td><td> -0.01033331</td><td>  -0.06661929</td><td>   1.4067820</td><td>    15.78824</td><td> 0.24947526</td></tr>\n",
       "</tbody>\n",
       "</table>\n"
      ],
      "text/latex": [
       "A matrix: 10 × 10 of type dbl\n",
       "\\begin{tabular}{r|llllllllll}\n",
       "  & Age & BMI & Glucose & Insulin & HOMA & Leptin & Adiponectin & Resistin & MCP.1 & Classification\\\\\n",
       "\\hline\n",
       "\tAge & 259.6212144 &   0.6899654 &   83.515142 &   5.271382 &   7.4547030 &  31.72129299 &  -24.23770282 &    0.5473753 &     75.03014 & -0.35052474\\\\\n",
       "\tBMI &   0.6899654 &  25.2017631 &   15.700527 &   7.343449 &   2.0931033 &  54.85332909 &  -10.40030222 &   12.1513148 &    389.04875 & -0.33244976\\\\\n",
       "\tGlucose &  83.5151424 &  15.7005265 &  507.382909 & 114.444261 &  57.1155552 & 131.82711499 &  -18.82467930 &   81.3098725 &   2063.87004 &  4.32383808\\\\\n",
       "\tInsulin &   5.2713825 &   7.3434492 &  114.444261 & 101.359945 &  34.1811235 &  58.22217076 &   -2.15621156 &   18.3041243 &    607.20600 &  1.39193463\\\\\n",
       "\tHOMA &   7.4547030 &   2.0931033 &   57.115555 &  34.181124 &  13.2644786 &  22.86097050 &   -1.40413211 &   10.4289668 &    326.96236 &  0.51664932\\\\\n",
       "\tLeptin &  31.7212930 &  54.8533291 &  131.827115 &  58.222171 &  22.8609705 & 367.99877146 &  -12.52242698 &   60.9050169 &     92.95764 & -0.01033331\\\\\n",
       "\tAdiponectin & -24.2377028 & -10.4003022 &  -18.824679 &  -2.156212 &  -1.4041321 & -12.52242698 &   46.83132218 &  -21.3987474 &   -475.08370 & -0.06661929\\\\\n",
       "\tResistin &   0.5473753 &  12.1513148 &   81.309873 &  18.304124 &  10.4289668 &  60.90501687 &  -21.39874737 &  153.5281003 &   1570.73824 &  1.40678196\\\\\n",
       "\tMCP.1 &  75.0301391 & 389.0487525 & 2063.870043 & 607.205999 & 326.9623612 &  92.95763779 & -475.08370238 & 1570.7382390 & 119655.57060 & 15.78824348\\\\\n",
       "\tClassification &  -0.3505247 &  -0.3324498 &    4.323838 &   1.391935 &   0.5166493 &  -0.01033331 &   -0.06661929 &    1.4067820 &     15.78824 &  0.24947526\\\\\n",
       "\\end{tabular}\n"
      ],
      "text/markdown": [
       "\n",
       "A matrix: 10 × 10 of type dbl\n",
       "\n",
       "| <!--/--> | Age | BMI | Glucose | Insulin | HOMA | Leptin | Adiponectin | Resistin | MCP.1 | Classification |\n",
       "|---|---|---|---|---|---|---|---|---|---|---|\n",
       "| Age | 259.6212144 |   0.6899654 |   83.515142 |   5.271382 |   7.4547030 |  31.72129299 |  -24.23770282 |    0.5473753 |     75.03014 | -0.35052474 |\n",
       "| BMI |   0.6899654 |  25.2017631 |   15.700527 |   7.343449 |   2.0931033 |  54.85332909 |  -10.40030222 |   12.1513148 |    389.04875 | -0.33244976 |\n",
       "| Glucose |  83.5151424 |  15.7005265 |  507.382909 | 114.444261 |  57.1155552 | 131.82711499 |  -18.82467930 |   81.3098725 |   2063.87004 |  4.32383808 |\n",
       "| Insulin |   5.2713825 |   7.3434492 |  114.444261 | 101.359945 |  34.1811235 |  58.22217076 |   -2.15621156 |   18.3041243 |    607.20600 |  1.39193463 |\n",
       "| HOMA |   7.4547030 |   2.0931033 |   57.115555 |  34.181124 |  13.2644786 |  22.86097050 |   -1.40413211 |   10.4289668 |    326.96236 |  0.51664932 |\n",
       "| Leptin |  31.7212930 |  54.8533291 |  131.827115 |  58.222171 |  22.8609705 | 367.99877146 |  -12.52242698 |   60.9050169 |     92.95764 | -0.01033331 |\n",
       "| Adiponectin | -24.2377028 | -10.4003022 |  -18.824679 |  -2.156212 |  -1.4041321 | -12.52242698 |   46.83132218 |  -21.3987474 |   -475.08370 | -0.06661929 |\n",
       "| Resistin |   0.5473753 |  12.1513148 |   81.309873 |  18.304124 |  10.4289668 |  60.90501687 |  -21.39874737 |  153.5281003 |   1570.73824 |  1.40678196 |\n",
       "| MCP.1 |  75.0301391 | 389.0487525 | 2063.870043 | 607.205999 | 326.9623612 |  92.95763779 | -475.08370238 | 1570.7382390 | 119655.57060 | 15.78824348 |\n",
       "| Classification |  -0.3505247 |  -0.3324498 |    4.323838 |   1.391935 |   0.5166493 |  -0.01033331 |   -0.06661929 |    1.4067820 |     15.78824 |  0.24947526 |\n",
       "\n"
      ],
      "text/plain": [
       "               Age         BMI         Glucose     Insulin    HOMA       \n",
       "Age            259.6212144   0.6899654   83.515142   5.271382   7.4547030\n",
       "BMI              0.6899654  25.2017631   15.700527   7.343449   2.0931033\n",
       "Glucose         83.5151424  15.7005265  507.382909 114.444261  57.1155552\n",
       "Insulin          5.2713825   7.3434492  114.444261 101.359945  34.1811235\n",
       "HOMA             7.4547030   2.0931033   57.115555  34.181124  13.2644786\n",
       "Leptin          31.7212930  54.8533291  131.827115  58.222171  22.8609705\n",
       "Adiponectin    -24.2377028 -10.4003022  -18.824679  -2.156212  -1.4041321\n",
       "Resistin         0.5473753  12.1513148   81.309873  18.304124  10.4289668\n",
       "MCP.1           75.0301391 389.0487525 2063.870043 607.205999 326.9623612\n",
       "Classification  -0.3505247  -0.3324498    4.323838   1.391935   0.5166493\n",
       "               Leptin       Adiponectin   Resistin     MCP.1       \n",
       "Age             31.72129299  -24.23770282    0.5473753     75.03014\n",
       "BMI             54.85332909  -10.40030222   12.1513148    389.04875\n",
       "Glucose        131.82711499  -18.82467930   81.3098725   2063.87004\n",
       "Insulin         58.22217076   -2.15621156   18.3041243    607.20600\n",
       "HOMA            22.86097050   -1.40413211   10.4289668    326.96236\n",
       "Leptin         367.99877146  -12.52242698   60.9050169     92.95764\n",
       "Adiponectin    -12.52242698   46.83132218  -21.3987474   -475.08370\n",
       "Resistin        60.90501687  -21.39874737  153.5281003   1570.73824\n",
       "MCP.1           92.95763779 -475.08370238 1570.7382390 119655.57060\n",
       "Classification  -0.01033331   -0.06661929    1.4067820     15.78824\n",
       "               Classification\n",
       "Age            -0.35052474   \n",
       "BMI            -0.33244976   \n",
       "Glucose         4.32383808   \n",
       "Insulin         1.39193463   \n",
       "HOMA            0.51664932   \n",
       "Leptin         -0.01033331   \n",
       "Adiponectin    -0.06661929   \n",
       "Resistin        1.40678196   \n",
       "MCP.1          15.78824348   \n",
       "Classification  0.24947526   "
      ]
     },
     "metadata": {},
     "output_type": "display_data"
    },
    {
     "data": {
      "text/html": [
       "<table class=\"dataframe\">\n",
       "<caption>A matrix: 10 × 10 of type dbl</caption>\n",
       "<thead>\n",
       "\t<tr><th></th><th scope=col>Age</th><th scope=col>BMI</th><th scope=col>Glucose</th><th scope=col>Insulin</th><th scope=col>HOMA</th><th scope=col>Leptin</th><th scope=col>Adiponectin</th><th scope=col>Resistin</th><th scope=col>MCP.1</th><th scope=col>Classification</th></tr>\n",
       "</thead>\n",
       "<tbody>\n",
       "\t<tr><th scope=row>Age</th><td> 1.000000000</td><td> 0.008529857</td><td> 0.2301056</td><td> 0.03249535</td><td> 0.12703259</td><td> 0.102626049</td><td>-0.21981289</td><td> 0.002741708</td><td> 0.01346168</td><td>-0.043554681</td></tr>\n",
       "\t<tr><th scope=row>BMI</th><td> 0.008529857</td><td> 1.000000000</td><td> 0.1388452</td><td> 0.14529526</td><td> 0.11448013</td><td> 0.569592606</td><td>-0.30273476</td><td> 0.195350206</td><td> 0.22403821</td><td>-0.132585740</td></tr>\n",
       "\t<tr><th scope=row>Glucose</th><td> 0.230105617</td><td> 0.138845189</td><td> 1.0000000</td><td> 0.50465307</td><td> 0.69621182</td><td> 0.305079936</td><td>-0.12212131</td><td> 0.291327462</td><td> 0.26487927</td><td> 0.384315377</td></tr>\n",
       "\t<tr><th scope=row>Insulin</th><td> 0.032495353</td><td> 0.145295260</td><td> 0.5046531</td><td> 1.00000000</td><td> 0.93219777</td><td> 0.301461618</td><td>-0.03129608</td><td> 0.146730986</td><td> 0.17435580</td><td> 0.276803714</td></tr>\n",
       "\t<tr><th scope=row>HOMA</th><td> 0.127032593</td><td> 0.114480131</td><td> 0.6962118</td><td> 0.93219777</td><td> 1.00000000</td><td> 0.327209864</td><td>-0.05633712</td><td> 0.231101229</td><td> 0.25952919</td><td> 0.284012222</td></tr>\n",
       "\t<tr><th scope=row>Leptin</th><td> 0.102626049</td><td> 0.569592606</td><td> 0.3050799</td><td> 0.30146162</td><td> 0.32720986</td><td> 1.000000000</td><td>-0.09538874</td><td> 0.256233522</td><td> 0.01400862</td><td>-0.001078457</td></tr>\n",
       "\t<tr><th scope=row>Adiponectin</th><td>-0.219812891</td><td>-0.302734758</td><td>-0.1221213</td><td>-0.03129608</td><td>-0.05633712</td><td>-0.095388740</td><td> 1.00000000</td><td>-0.252363303</td><td>-0.20069450</td><td>-0.019490280</td></tr>\n",
       "\t<tr><th scope=row>Resistin</th><td> 0.002741708</td><td> 0.195350206</td><td> 0.2913275</td><td> 0.14673099</td><td> 0.23110123</td><td> 0.256233522</td><td>-0.25236330</td><td> 1.000000000</td><td> 0.36647421</td><td> 0.227310296</td></tr>\n",
       "\t<tr><th scope=row>MCP.1</th><td> 0.013461678</td><td> 0.224038215</td><td> 0.2648793</td><td> 0.17435580</td><td> 0.25952919</td><td> 0.014008623</td><td>-0.20069450</td><td> 0.366474210</td><td> 1.00000000</td><td> 0.091380517</td></tr>\n",
       "\t<tr><th scope=row>Classification</th><td>-0.043554681</td><td>-0.132585740</td><td> 0.3843154</td><td> 0.27680371</td><td> 0.28401222</td><td>-0.001078457</td><td>-0.01949028</td><td> 0.227310296</td><td> 0.09138052</td><td> 1.000000000</td></tr>\n",
       "</tbody>\n",
       "</table>\n"
      ],
      "text/latex": [
       "A matrix: 10 × 10 of type dbl\n",
       "\\begin{tabular}{r|llllllllll}\n",
       "  & Age & BMI & Glucose & Insulin & HOMA & Leptin & Adiponectin & Resistin & MCP.1 & Classification\\\\\n",
       "\\hline\n",
       "\tAge &  1.000000000 &  0.008529857 &  0.2301056 &  0.03249535 &  0.12703259 &  0.102626049 & -0.21981289 &  0.002741708 &  0.01346168 & -0.043554681\\\\\n",
       "\tBMI &  0.008529857 &  1.000000000 &  0.1388452 &  0.14529526 &  0.11448013 &  0.569592606 & -0.30273476 &  0.195350206 &  0.22403821 & -0.132585740\\\\\n",
       "\tGlucose &  0.230105617 &  0.138845189 &  1.0000000 &  0.50465307 &  0.69621182 &  0.305079936 & -0.12212131 &  0.291327462 &  0.26487927 &  0.384315377\\\\\n",
       "\tInsulin &  0.032495353 &  0.145295260 &  0.5046531 &  1.00000000 &  0.93219777 &  0.301461618 & -0.03129608 &  0.146730986 &  0.17435580 &  0.276803714\\\\\n",
       "\tHOMA &  0.127032593 &  0.114480131 &  0.6962118 &  0.93219777 &  1.00000000 &  0.327209864 & -0.05633712 &  0.231101229 &  0.25952919 &  0.284012222\\\\\n",
       "\tLeptin &  0.102626049 &  0.569592606 &  0.3050799 &  0.30146162 &  0.32720986 &  1.000000000 & -0.09538874 &  0.256233522 &  0.01400862 & -0.001078457\\\\\n",
       "\tAdiponectin & -0.219812891 & -0.302734758 & -0.1221213 & -0.03129608 & -0.05633712 & -0.095388740 &  1.00000000 & -0.252363303 & -0.20069450 & -0.019490280\\\\\n",
       "\tResistin &  0.002741708 &  0.195350206 &  0.2913275 &  0.14673099 &  0.23110123 &  0.256233522 & -0.25236330 &  1.000000000 &  0.36647421 &  0.227310296\\\\\n",
       "\tMCP.1 &  0.013461678 &  0.224038215 &  0.2648793 &  0.17435580 &  0.25952919 &  0.014008623 & -0.20069450 &  0.366474210 &  1.00000000 &  0.091380517\\\\\n",
       "\tClassification & -0.043554681 & -0.132585740 &  0.3843154 &  0.27680371 &  0.28401222 & -0.001078457 & -0.01949028 &  0.227310296 &  0.09138052 &  1.000000000\\\\\n",
       "\\end{tabular}\n"
      ],
      "text/markdown": [
       "\n",
       "A matrix: 10 × 10 of type dbl\n",
       "\n",
       "| <!--/--> | Age | BMI | Glucose | Insulin | HOMA | Leptin | Adiponectin | Resistin | MCP.1 | Classification |\n",
       "|---|---|---|---|---|---|---|---|---|---|---|\n",
       "| Age |  1.000000000 |  0.008529857 |  0.2301056 |  0.03249535 |  0.12703259 |  0.102626049 | -0.21981289 |  0.002741708 |  0.01346168 | -0.043554681 |\n",
       "| BMI |  0.008529857 |  1.000000000 |  0.1388452 |  0.14529526 |  0.11448013 |  0.569592606 | -0.30273476 |  0.195350206 |  0.22403821 | -0.132585740 |\n",
       "| Glucose |  0.230105617 |  0.138845189 |  1.0000000 |  0.50465307 |  0.69621182 |  0.305079936 | -0.12212131 |  0.291327462 |  0.26487927 |  0.384315377 |\n",
       "| Insulin |  0.032495353 |  0.145295260 |  0.5046531 |  1.00000000 |  0.93219777 |  0.301461618 | -0.03129608 |  0.146730986 |  0.17435580 |  0.276803714 |\n",
       "| HOMA |  0.127032593 |  0.114480131 |  0.6962118 |  0.93219777 |  1.00000000 |  0.327209864 | -0.05633712 |  0.231101229 |  0.25952919 |  0.284012222 |\n",
       "| Leptin |  0.102626049 |  0.569592606 |  0.3050799 |  0.30146162 |  0.32720986 |  1.000000000 | -0.09538874 |  0.256233522 |  0.01400862 | -0.001078457 |\n",
       "| Adiponectin | -0.219812891 | -0.302734758 | -0.1221213 | -0.03129608 | -0.05633712 | -0.095388740 |  1.00000000 | -0.252363303 | -0.20069450 | -0.019490280 |\n",
       "| Resistin |  0.002741708 |  0.195350206 |  0.2913275 |  0.14673099 |  0.23110123 |  0.256233522 | -0.25236330 |  1.000000000 |  0.36647421 |  0.227310296 |\n",
       "| MCP.1 |  0.013461678 |  0.224038215 |  0.2648793 |  0.17435580 |  0.25952919 |  0.014008623 | -0.20069450 |  0.366474210 |  1.00000000 |  0.091380517 |\n",
       "| Classification | -0.043554681 | -0.132585740 |  0.3843154 |  0.27680371 |  0.28401222 | -0.001078457 | -0.01949028 |  0.227310296 |  0.09138052 |  1.000000000 |\n",
       "\n"
      ],
      "text/plain": [
       "               Age          BMI          Glucose    Insulin     HOMA       \n",
       "Age             1.000000000  0.008529857  0.2301056  0.03249535  0.12703259\n",
       "BMI             0.008529857  1.000000000  0.1388452  0.14529526  0.11448013\n",
       "Glucose         0.230105617  0.138845189  1.0000000  0.50465307  0.69621182\n",
       "Insulin         0.032495353  0.145295260  0.5046531  1.00000000  0.93219777\n",
       "HOMA            0.127032593  0.114480131  0.6962118  0.93219777  1.00000000\n",
       "Leptin          0.102626049  0.569592606  0.3050799  0.30146162  0.32720986\n",
       "Adiponectin    -0.219812891 -0.302734758 -0.1221213 -0.03129608 -0.05633712\n",
       "Resistin        0.002741708  0.195350206  0.2913275  0.14673099  0.23110123\n",
       "MCP.1           0.013461678  0.224038215  0.2648793  0.17435580  0.25952919\n",
       "Classification -0.043554681 -0.132585740  0.3843154  0.27680371  0.28401222\n",
       "               Leptin       Adiponectin Resistin     MCP.1       Classification\n",
       "Age             0.102626049 -0.21981289  0.002741708  0.01346168 -0.043554681  \n",
       "BMI             0.569592606 -0.30273476  0.195350206  0.22403821 -0.132585740  \n",
       "Glucose         0.305079936 -0.12212131  0.291327462  0.26487927  0.384315377  \n",
       "Insulin         0.301461618 -0.03129608  0.146730986  0.17435580  0.276803714  \n",
       "HOMA            0.327209864 -0.05633712  0.231101229  0.25952919  0.284012222  \n",
       "Leptin          1.000000000 -0.09538874  0.256233522  0.01400862 -0.001078457  \n",
       "Adiponectin    -0.095388740  1.00000000 -0.252363303 -0.20069450 -0.019490280  \n",
       "Resistin        0.256233522 -0.25236330  1.000000000  0.36647421  0.227310296  \n",
       "MCP.1           0.014008623 -0.20069450  0.366474210  1.00000000  0.091380517  \n",
       "Classification -0.001078457 -0.01949028  0.227310296  0.09138052  1.000000000  "
      ]
     },
     "metadata": {},
     "output_type": "display_data"
    }
   ],
   "source": [
    "## Summary and correlation matrix \n",
    "summary(data)\n",
    "colMeans(data)# obtain mean vector\n",
    "var(data)# obtain var-cov matrix\n",
    "cor(data)# obtain cor matrix"
   ]
  },
  {
   "cell_type": "code",
   "execution_count": 5,
   "id": "fe4a2d9a",
   "metadata": {},
   "outputs": [
    {
     "data": {
